1 2 
1 3 
1 4 
1 5 
1 7 
1 10 
1 16 
1 72 
1 665 
2 1 
2 54 
2 181 
3 1 
3 9 
3 63 
4 1 
4 6 
4 8 
4 12 
4 284 
4 303 
4 399 
4 996 
5 1 
5 24 
5 239 
6 4 
6 11 
7 1 
8 4 
8 15 
8 41 
8 67 
8 502 
9 3 
10 1 
10 390 
11 6 
11 13 
12 4 
12 14 
12 21 
12 378 
13 11 
13 31 
14 12 
14 28 
14 46 
15 8 
15 17 
15 23 
15 30 
15 59 
16 1 
16 18 
16 20 
16 50 
16 69 
17 15 
17 19 
18 16 
18 22 
18 27 
19 17 
19 160 
20 16 
20 25 
20 26 
20 36 
20 39 
20 64 
20 743 
21 12 
22 18 
22 33 
22 206 
23 15 
24 5 
24 89 
24 688 
25 20 
25 29 
25 654 
26 20 
26 137 
26 152 
26 678 
27 18 
27 35 
27 123 
28 14 
28 34 
28 386 
29 25 
29 32 
29 71 
30 15 
31 13 
31 117 
32 29 
32 580 
33 22 
34 28 
35 27 
35 37 
35 66 
35 104 
36 20 
36 38 
36 163 
37 35 
37 40 
37 78 
38 36 
38 42 
38 43 
38 56 
38 108 
39 20 
39 80 
39 615 
40 37 
40 53 
40 58 
40 127 
40 942 
41 8 
41 45 
41 51 
41 204 
42 38 
42 44 
42 110 
43 38 
43 47 
43 60 
43 82 
44 42 
44 389 
45 41 
45 48 
45 49 
46 14 
46 70 
46 81 
46 759 
47 43 
47 122 
48 45 
48 61 
48 190 
49 45 
49 52 
49 55 
49 68 
50 16 
51 41 
52 49 
53 40 
54 2 
54 136 
54 142 
55 49 
55 57 
56 38 
56 749 
57 55 
57 105 
57 262 
58 40 
58 636 
59 15 
60 43 
60 62 
60 65 
60 209 
60 968 
61 48 
62 60 
63 3 
64 20 
65 60 
65 253 
65 422 
66 35 
66 397 
66 415 
66 435 
67 8 
67 113 
68 49 
69 16 
69 602 
70 46 
70 73 
70 75 
70 86 
70 106 
70 189 
71 29 
71 93 
71 141 
72 1 
72 74 
72 88 
72 98 
72 292 
73 70 
74 72 
74 76 
74 77 
74 249 
74 508 
75 70 
75 79 
76 74 
76 87 
76 100 
76 107 
76 529 
77 74 
77 144 
78 37 
78 285 
79 75 
79 84 
79 798 
80 39 
80 83 
81 46 
81 103 
81 302 
81 532 
82 43 
82 133 
83 80 
83 85 
83 92 
84 79 
85 83 
85 290 
85 528 
85 787 
86 70 
87 76 
87 159 
88 72 
88 90 
88 91 
88 407 
89 24 
90 88 
90 109 
90 118 
90 130 
90 400 
91 88 
91 95 
91 340 
92 83 
92 94 
92 101 
93 71 
93 96 
93 97 
93 99 
93 111 
93 213 
94 92 
94 164 
95 91 
95 120 
96 93 
96 166 
97 93 
97 168 
98 72 
99 93 
100 76 
100 102 
101 92 
102 100 
103 81 
103 119 
104 35 
105 57 
106 70 
106 151 
107 76 
108 38 
108 112 
108 114 
108 129 
108 975 
109 90 
110 42 
111 93 
111 115 
111 125 
112 108 
112 180 
112 633 
113 67 
113 138 
113 328 
113 682 
114 108 
114 116 
114 126 
114 809 
115 111 
115 199 
115 318 
115 934 
116 114 
117 31 
117 124 
117 396 
118 90 
118 121 
118 218 
119 103 
119 132 
119 173 
119 306 
120 95 
121 118 
121 139 
122 47 
123 27 
123 128 
124 117 
125 111 
125 131 
126 114 
126 503 
126 671 
127 40 
127 432 
128 123 
129 108 
129 263 
129 280 
130 90 
130 412 
130 793 
131 125 
132 119 
132 134 
132 135 
132 174 
133 82 
134 132 
134 145 
134 150 
135 132 
135 371 
136 54 
136 140 
136 231 
136 273 
136 449 
137 26 
137 143 
138 113 
139 121 
139 154 
140 136 
140 146 
141 71 
142 54 
142 179 
142 187 
143 137 
144 77 
145 134 
145 147 
145 519 
146 140 
146 148 
146 149 
147 145 
147 297 
147 367 
148 146 
148 158 
148 634 
149 146 
149 323 
150 134 
150 156 
151 106 
151 153 
152 26 
152 305 
153 151 
153 155 
154 139 
154 161 
154 236 
155 153 
155 157 
155 185 
155 227 
156 150 
156 162 
156 178 
157 155 
157 171 
157 196 
157 254 
157 363 
158 148 
159 87 
159 409 
159 954 
160 19 
161 154 
161 175 
162 156 
162 165 
163 36 
163 195 
164 94 
164 167 
164 170 
164 214 
164 265 
164 277 
164 298 
164 946 
165 162 
166 96 
167 164 
167 169 
167 194 
168 97 
169 167 
169 176 
170 164 
170 172 
170 177 
171 157 
171 184 
171 250 
171 361 
172 170 
173 119 
174 132 
174 247 
175 161 
176 169 
176 183 
177 170 
177 182 
177 197 
177 314 
178 156 
178 207 
179 142 
179 255 
180 112 
181 2 
181 740 
182 177 
182 406 
183 176 
183 192 
184 171 
184 186 
184 211 
184 607 
184 667 
185 155 
185 188 
185 193 
185 224 
185 346 
185 618 
186 184 
186 507 
187 142 
187 291 
188 185 
189 70 
189 191 
189 201 
189 219 
189 233 
189 296 
189 892 
190 48 
190 578 
191 189 
191 203 
192 183 
192 235 
193 185 
193 198 
193 208 
193 226 
194 167 
194 322 
195 163 
196 157 
196 200 
196 552 
196 709 
197 177 
198 193 
198 275 
199 115 
200 196 
200 202 
200 216 
200 295 
201 189 
202 200 
202 205 
203 191 
204 41 
204 230 
204 288 
204 640 
204 898 
205 202 
205 241 
206 22 
206 225 
206 366 
207 178 
208 193 
208 210 
208 212 
208 217 
209 60 
209 220 
209 243 
209 939 
210 208 
210 223 
211 184 
212 208 
212 261 
213 93 
213 215 
214 164 
215 213 
215 272 
216 200 
216 268 
216 375 
216 437 
216 712 
217 208 
217 222 
218 118 
218 238 
219 189 
219 221 
219 300 
219 448 
219 683 
220 209 
220 341 
220 344 
221 219 
222 217 
223 210 
224 185 
224 320 
225 206 
225 283 
225 317 
225 525 
226 193 
226 228 
226 237 
226 281 
226 304 
226 334 
226 351 
226 680 
227 155 
227 229 
227 545 
228 226 
228 232 
228 242 
228 245 
228 417 
228 461 
229 227 
229 246 
229 460 
230 204 
230 244 
231 136 
231 234 
231 240 
231 276 
231 478 
231 505 
232 228 
233 189 
233 286 
233 301 
234 231 
235 192 
235 855 
236 154 
236 257 
236 781 
237 226 
237 256 
238 218 
239 5 
240 231 
241 205 
242 228 
242 388 
242 420 
243 209 
243 260 
243 476 
244 230 
244 251 
245 228 
245 613 
246 229 
246 248 
247 174 
247 264 
248 246 
249 74 
249 252 
249 496 
249 659 
250 171 
251 244 
252 249 
253 65 
254 157 
254 258 
255 179 
255 259 
256 237 
257 236 
258 254 
258 270 
258 289 
258 329 
258 767 
259 255 
259 333 
259 702 
260 243 
261 212 
261 278 
261 309 
262 57 
262 267 
262 805 
263 129 
263 266 
264 247 
265 164 
266 263 
266 271 
267 262 
267 269 
268 216 
268 651 
269 267 
269 335 
270 258 
271 266 
272 215 
272 274 
273 136 
273 364 
274 272 
275 198 
275 279 
276 231 
277 164 
278 261 
278 429 
279 275 
279 282 
279 287 
279 299 
280 129 
281 226 
281 491 
282 279 
282 293 
282 342 
283 225 
283 653 
284 4 
285 78 
286 233 
286 411 
287 279 
288 204 
288 358 
289 258 
289 294 
290 85 
291 187 
292 72 
292 321 
292 380 
292 555 
293 282 
294 289 
295 200 
296 189 
296 347 
297 147 
297 463 
297 563 
298 164 
299 279 
299 343 
300 219 
300 308 
301 233 
301 315 
302 81 
302 440 
303 4 
303 324 
303 368 
304 226 
305 152 
305 307 
305 313 
305 641 
306 119 
306 316 
307 305 
307 310 
307 312 
307 369 
308 300 
308 311 
308 332 
308 438 
308 518 
309 261 
309 319 
309 362 
309 459 
310 307 
311 308 
311 348 
312 307 
312 365 
313 305 
313 381 
314 177 
314 327 
314 353 
314 394 
315 301 
315 531 
315 728 
316 306 
317 225 
317 599 
317 673 
318 115 
318 601 
319 309 
320 224 
320 377 
320 405 
321 292 
321 325 
321 326 
321 331 
321 445 
321 517 
321 911 
322 194 
323 149 
324 303 
324 345 
325 321 
326 321 
327 314 
328 113 
328 330 
328 836 
329 258 
330 328 
330 414 
330 585 
331 321 
332 308 
332 336 
332 338 
333 259 
334 226 
335 269 
335 337 
335 374 
335 398 
336 332 
336 339 
337 335 
337 349 
338 332 
338 372 
338 383 
338 464 
339 336 
340 91 
340 350 
340 410 
340 488 
340 500 
341 220 
342 282 
342 356 
342 379 
343 299 
344 220 
344 359 
344 442 
345 324 
346 185 
346 354 
346 402 
347 296 
347 360 
348 311 
349 337 
349 355 
349 385 
349 766 
350 340 
350 352 
351 226 
352 350 
353 314 
354 346 
354 571 
355 349 
355 357 
356 342 
356 373 
357 355 
357 384 
357 631 
358 288 
359 344 
360 347 
361 171 
362 309 
362 370 
363 157 
363 696 
364 273 
365 312 
366 206 
366 567 
366 685 
367 147 
367 393 
368 303 
369 307 
370 362 
371 135 
371 664 
372 338 
373 356 
373 376 
373 391 
373 395 
373 492 
374 335 
374 569 
375 216 
375 662 
376 373 
376 423 
376 638 
377 320 
377 382 
377 512 
378 12 
378 387 
378 701 
379 342 
379 392 
379 608 
380 292 
380 403 
380 479 
381 313 
381 576 
381 629 
381 905 
382 377 
382 606 
383 338 
384 357 
385 349 
385 421 
386 28 
387 378 
388 242 
389 44 
389 475 
390 10 
390 441 
391 373 
392 379 
392 462 
392 837 
393 367 
393 431 
393 473 
394 314 
394 593 
395 373 
396 117 
396 404 
396 427 
397 66 
397 733 
398 335 
398 418 
399 4 
399 401 
399 436 
400 90 
401 399 
401 413 
402 346 
403 380 
404 396 
404 408 
404 755 
405 320 
405 575 
406 182 
407 88 
408 404 
409 159 
409 564 
409 847 
410 340 
410 489 
411 286 
411 416 
412 130 
412 879 
413 401 
413 419 
413 425 
414 330 
415 66 
416 411 
416 424 
417 228 
418 398 
418 428 
419 413 
419 426 
419 433 
419 434 
419 470 
419 831 
420 242 
420 430 
421 385 
421 452 
421 457 
421 483 
422 65 
423 376 
424 416 
424 465 
425 413 
425 439 
425 497 
426 419 
427 396 
427 700 
428 418 
429 278 
430 420 
430 731 
431 393 
432 127 
433 419 
434 419 
434 458 
435 66 
435 521 
435 610 
436 399 
436 501 
437 216 
438 308 
438 443 
438 454 
438 595 
438 672 
439 425 
440 302 
440 444 
440 446 
441 390 
441 453 
442 344 
443 438 
443 450 
444 440 
445 321 
445 447 
446 440 
446 451 
447 445 
447 466 
447 533 
448 219 
448 455 
449 136 
450 443 
450 467 
451 446 
451 456 
452 421 
452 520 
453 441 
453 550 
453 635 
454 438 
454 690 
455 448 
456 451 
456 471 
457 421 
457 481 
458 434 
458 693 
459 309 
459 472 
460 229 
461 228 
462 392 
462 660 
463 297 
463 706 
464 338 
464 940 
465 424 
465 468 
465 484 
465 536 
465 546 
465 587 
466 447 
466 469 
466 493 
466 539 
467 450 
467 557 
467 973 
468 465 
469 466 
470 419 
471 456 
471 474 
471 480 
471 513 
471 646 
472 459 
472 515 
472 675 
473 393 
473 477 
473 658 
474 471 
474 486 
474 669 
475 389 
475 522 
475 628 
476 243 
476 544 
477 473 
478 231 
479 380 
479 960 
480 471 
480 482 
480 485 
481 457 
481 655 
482 480 
482 695 
483 421 
483 498 
484 465 
484 487 
484 490 
485 480 
486 474 
486 495 
486 499 
486 842 
486 936 
487 484 
488 340 
488 534 
488 586 
489 410 
489 570 
490 484 
490 644 
491 281 
492 373 
492 494 
493 466 
493 761 
494 492 
495 486 
495 504 
495 516 
496 249 
497 425 
498 483 
499 486 
500 340 
500 543 
500 560 
501 436 
502 8 
502 510 
503 126 
503 527 
504 495 
504 506 
504 509 
504 535 
504 548 
505 231 
506 504 
506 541 
507 186 
508 74 
508 838 
509 504 
509 511 
509 757 
510 502 
510 754 
511 509 
511 514 
511 542 
512 377 
513 471 
513 540 
513 566 
513 663 
514 511 
514 734 
515 472 
516 495 
516 526 
516 551 
516 616 
517 321 
517 788 
518 308 
519 145 
519 523 
520 452 
520 694 
521 435 
522 475 
522 524 
523 519 
523 914 
524 522 
525 225 
526 516 
526 568 
527 503 
528 85 
528 530 
528 556 
529 76 
529 779 
530 528 
530 538 
531 315 
532 81 
532 537 
532 547 
533 447 
534 488 
535 504 
535 591 
535 670 
536 465 
537 532 
538 530 
539 466 
539 716 
540 513 
541 506 
542 511 
543 500 
544 476 
544 572 
545 227 
546 465 
547 532 
547 549 
547 559 
548 504 
549 547 
549 553 
549 558 
550 453 
550 772 
551 516 
551 554 
551 592 
551 623 
552 196 
552 581 
552 590 
553 549 
553 561 
554 551 
555 292 
556 528 
556 582 
557 467 
557 744 
557 924 
558 549 
559 547 
559 562 
560 500 
561 553 
561 627 
561 711 
562 559 
562 565 
563 297 
563 927 
564 409 
564 574 
565 562 
565 983 
565 989 
566 513 
567 366 
567 604 
568 526 
569 374 
569 573 
569 600 
569 639 
569 649 
570 489 
570 619 
571 354 
572 544 
573 569 
574 564 
574 577 
574 871 
575 405 
576 381 
577 574 
577 579 
577 588 
578 190 
578 624 
579 577 
580 32 
580 584 
581 552 
581 583 
581 722 
582 556 
582 597 
583 581 
583 589 
584 580 
585 330 
586 488 
586 890 
587 465 
587 620 
587 691 
588 577 
589 583 
590 552 
590 603 
590 751 
590 771 
591 535 
592 551 
592 594 
593 394 
593 598 
593 645 
594 592 
594 596 
594 609 
595 438 
596 594 
597 582 
597 864 
598 593 
599 317 
599 605 
599 818 
600 569 
600 625 
601 318 
601 668 
602 69 
603 590 
603 875 
604 567 
605 599 
605 630 
605 870 
606 382 
606 611 
606 647 
606 965 
607 184 
608 379 
608 612 
608 760 
609 594 
609 637 
610 435 
610 614 
610 617 
611 606 
611 984 
612 608 
613 245 
613 699 
613 789 
614 610 
615 39 
616 516 
617 610 
618 185 
618 621 
618 626 
618 661 
618 692 
619 570 
620 587 
620 622 
621 618 
622 620 
623 551 
624 578 
625 600 
626 618 
627 561 
628 475 
628 676 
628 758 
629 381 
630 605 
630 632 
631 357 
632 630 
633 112 
634 148 
634 686 
635 453 
635 650 
636 58 
636 642 
636 643 
636 732 
637 609 
638 376 
639 569 
639 684 
640 204 
641 305 
642 636 
642 980 
643 636 
644 490 
644 648 
644 721 
645 593 
645 689 
646 471 
647 606 
647 866 
648 644 
649 569 
649 687 
650 635 
650 652 
650 666 
651 268 
652 650 
653 283 
653 796 
654 25 
654 656 
655 481 
655 657 
656 654 
657 655 
658 473 
659 249 
660 462 
660 704 
660 992 
661 618 
662 375 
663 513 
664 371 
665 1 
665 756 
666 650 
667 184 
668 601 
669 474 
670 535 
670 679 
671 126 
671 674 
672 438 
672 677 
672 774 
673 317 
674 671 
675 472 
676 628 
676 916 
677 672 
678 26 
679 670 
679 681 
679 698 
679 705 
680 226 
681 679 
682 113 
682 697 
683 219 
684 639 
684 727 
684 782 
685 366 
686 634 
687 649 
687 913 
688 24 
689 645 
689 820 
690 454 
691 587 
692 618 
692 736 
692 768 
693 458 
694 520 
695 482 
696 363 
697 682 
697 713 
698 679 
698 835 
699 613 
699 729 
700 427 
700 720 
701 378 
701 703 
701 707 
702 259 
703 701 
703 708 
703 717 
704 660 
704 822 
704 918 
705 679 
706 463 
707 701 
707 710 
707 724 
708 703 
708 792 
709 196 
709 726 
709 783 
709 834 
710 707 
710 714 
711 561 
711 750 
711 877 
712 216 
713 697 
713 715 
714 710 
715 713 
715 719 
716 539 
716 718 
716 737 
716 994 
717 703 
717 723 
718 716 
718 742 
719 715 
720 700 
720 865 
721 644 
722 581 
722 725 
723 717 
724 707 
724 897 
725 722 
725 945 
726 709 
726 730 
727 684 
728 315 
729 699 
730 726 
730 923 
731 430 
731 735 
731 800 
732 636 
732 848 
733 397 
733 738 
734 514 
734 739 
735 731 
736 692 
736 741 
737 716 
737 765 
738 733 
739 734 
739 745 
740 181 
741 736 
742 718 
743 20 
743 746 
743 748 
743 791 
743 806 
744 557 
744 747 
744 752 
744 785 
745 739 
745 777 
745 814 
746 743 
746 795 
746 889 
747 744 
748 743 
748 753 
749 56 
750 711 
750 816 
751 590 
752 744 
753 748 
754 510 
755 404 
755 780 
756 665 
756 769 
756 770 
757 509 
758 628 
758 762 
758 830 
759 46 
759 764 
760 608 
760 985 
761 493 
761 763 
762 758 
762 901 
763 761 
764 759 
765 737 
765 773 
766 349 
767 258 
768 692 
769 756 
769 921 
770 756 
771 590 
771 776 
772 550 
773 765 
773 775 
774 672 
774 778 
774 804 
775 773 
776 771 
776 784 
777 745 
778 774 
779 529 
780 755 
781 236 
782 684 
782 786 
783 709 
784 776 
785 744 
786 782 
786 801 
786 811 
787 85 
787 790 
787 797 
787 902 
788 517 
788 839 
789 613 
789 854 
789 933 
790 787 
791 743 
791 794 
791 833 
791 874 
792 708 
793 130 
794 791 
795 746 
795 817 
796 653 
796 803 
797 787 
797 799 
797 868 
798 79 
798 808 
799 797 
800 731 
800 802 
800 812 
800 895 
801 786 
801 813 
802 800 
803 796 
803 810 
804 774 
804 823 
804 824 
805 262 
805 807 
805 826 
806 743 
807 805 
808 798 
809 114 
810 803 
810 825 
811 786 
811 821 
811 963 
812 800 
812 815 
813 801 
814 745 
814 888 
815 812 
815 840 
815 920 
816 750 
816 819 
817 795 
817 956 
818 599 
818 925 
819 816 
820 689 
821 811 
822 704 
822 878 
823 804 
824 804 
824 828 
825 810 
825 827 
825 857 
826 805 
826 829 
826 832 
827 825 
827 843 
828 824 
829 826 
830 758 
830 862 
831 419 
831 841 
832 826 
833 791 
834 709 
835 698 
836 328 
837 392 
837 845 
837 899 
838 508 
838 844 
838 846 
838 849 
839 788 
839 882 
840 815 
840 853 
841 831 
842 486 
842 850 
842 852 
842 930 
843 827 
843 851 
843 858 
844 838 
845 837 
846 838 
847 409 
848 732 
849 838 
850 842 
851 843 
852 842 
852 856 
852 863 
853 840 
853 859 
853 880 
854 789 
855 235 
855 873 
856 852 
857 825 
857 872 
858 843 
858 860 
858 885 
859 853 
859 861 
859 869 
860 858 
861 859 
862 830 
863 852 
864 597 
864 867 
865 720 
866 647 
867 864 
868 797 
868 887 
869 859 
869 883 
869 903 
870 605 
870 894 
871 574 
871 950 
872 857 
872 881 
873 855 
874 791 
874 876 
874 907 
875 603 
876 874 
876 904 
876 929 
876 938 
876 953 
877 711 
877 896 
878 822 
878 884 
879 412 
880 853 
880 932 
880 995 
881 872 
882 839 
882 891 
882 964 
883 869 
883 886 
884 878 
885 858 
885 893 
886 883 
887 868 
888 814 
888 900 
889 746 
890 586 
890 922 
891 882 
891 952 
892 189 
893 885 
893 910 
894 870 
894 957 
895 800 
896 877 
897 724 
898 204 
899 837 
900 888 
901 762 
902 787 
903 869 
903 906 
903 908 
904 876 
905 381 
905 917 
906 903 
907 874 
907 909 
908 903 
908 935 
908 951 
909 907 
910 893 
910 912 
910 915 
911 321 
912 910 
913 687 
913 948 
914 523 
915 910 
915 919 
916 676 
916 928 
917 905 
918 704 
919 915 
920 815 
920 961 
921 769 
921 926 
921 962 
922 890 
923 730 
924 557 
925 818 
925 944 
925 958 
926 921 
927 563 
928 916 
929 876 
929 931 
930 842 
931 929 
932 880 
933 789 
934 115 
934 937 
935 908 
935 943 
935 990 
936 486 
937 934 
938 876 
939 209 
939 941 
939 970 
940 464 
941 939 
941 947 
942 40 
943 935 
943 982 
944 925 
945 725 
946 164 
947 941 
947 949 
948 913 
948 959 
948 988 
949 947 
950 871 
950 972 
950 986 
951 908 
952 891 
953 876 
953 955 
954 159 
955 953 
956 817 
957 894 
958 925 
958 978 
959 948 
960 479 
960 998 
961 920 
961 967 
961 969 
961 981 
962 921 
963 811 
963 974 
964 882 
964 966 
965 606 
966 964 
966 976 
966 977 
967 961 
968 60 
969 961 
969 971 
969 997 
970 939 
971 969 
972 950 
973 467 
974 963 
975 108 
975 979 
976 966 
977 966 
978 958 
978 991 
979 975 
980 642 
980 993 
981 961 
982 943 
983 565 
983 987 
984 611 
984 999 
985 760 
986 950 
987 983 
988 948 
989 565 
990 935 
991 978 
991 1000 
992 660 
993 980 
994 716 
995 880 
996 4 
997 969 
998 960 
999 984 
1000 991 
