1 2 
1 3 
1 4 
1 7 
1 12 
1 35 
1 65 
1 86 
1 146 
1 187 
1 483 
1 587 
1 676 
1 856 
2 1 
2 5 
2 6 
2 16 
2 608 
3 1 
3 8 
3 19 
3 84 
3 485 
3 515 
4 1 
4 41 
4 272 
4 362 
5 2 
6 2 
6 9 
7 1 
8 3 
8 10 
8 14 
8 15 
8 59 
8 125 
9 6 
9 11 
9 85 
9 159 
9 329 
9 747 
10 8 
11 9 
11 13 
11 367 
11 420 
11 894 
12 1 
13 11 
13 22 
13 27 
13 67 
13 80 
14 8 
14 20 
14 21 
14 23 
14 28 
14 53 
14 88 
14 180 
14 269 
14 475 
14 511 
15 8 
15 17 
15 18 
15 136 
16 2 
16 33 
16 156 
16 173 
17 15 
18 15 
19 3 
19 24 
19 30 
19 44 
19 71 
20 14 
21 14 
21 25 
21 29 
21 201 
22 13 
22 31 
23 14 
24 19 
24 26 
24 39 
24 144 
24 450 
25 21 
25 348 
26 24 
26 110 
27 13 
28 14 
28 32 
28 37 
28 95 
28 391 
29 21 
29 58 
30 19 
30 34 
30 38 
30 40 
30 42 
30 245 
30 520 
30 649 
30 707 
31 22 
31 48 
31 514 
31 644 
32 28 
33 16 
33 50 
33 97 
34 30 
34 36 
34 63 
34 115 
35 1 
36 34 
36 54 
36 83 
36 161 
37 28 
38 30 
38 195 
39 24 
39 43 
39 879 
40 30 
40 69 
40 78 
41 4 
42 30 
42 46 
42 163 
43 39 
43 45 
43 47 
43 49 
43 52 
43 101 
43 277 
44 19 
44 55 
45 43 
46 42 
46 270 
47 43 
48 31 
48 51 
48 56 
48 257 
48 357 
49 43 
50 33 
51 48 
51 385 
52 43 
53 14 
53 61 
53 72 
53 73 
53 107 
53 131 
53 260 
53 264 
53 421 
53 764 
54 36 
55 44 
55 57 
55 62 
55 108 
55 140 
55 170 
55 200 
55 250 
55 430 
56 48 
57 55 
57 132 
57 464 
58 29 
58 60 
58 181 
58 231 
58 523 
58 932 
59 8 
60 58 
61 53 
62 55 
62 64 
62 127 
62 148 
62 279 
63 34 
64 62 
64 66 
64 68 
65 1 
65 121 
66 64 
67 13 
67 70 
67 74 
67 75 
67 76 
67 139 
68 64 
69 40 
70 67 
70 87 
71 19 
72 53 
72 129 
72 447 
73 53 
74 67 
74 81 
74 179 
75 67 
75 77 
75 214 
76 67 
77 75 
77 79 
77 82 
77 210 
77 526 
78 40 
78 105 
78 162 
79 77 
79 478 
79 638 
80 13 
81 74 
82 77 
82 390 
83 36 
83 93 
84 3 
85 9 
85 89 
86 1 
87 70 
87 90 
87 92 
87 100 
87 119 
87 296 
87 588 
88 14 
88 91 
89 85 
90 87 
90 99 
90 103 
90 143 
91 88 
92 87 
92 94 
92 359 
93 83 
94 92 
94 96 
94 111 
94 113 
95 28 
95 98 
95 135 
95 145 
95 405 
95 573 
96 94 
96 102 
96 169 
96 192 
97 33 
97 123 
97 867 
98 95 
98 114 
98 598 
99 90 
99 104 
99 128 
100 87 
100 229 
101 43 
101 106 
101 109 
101 726 
102 96 
103 90 
103 117 
104 99 
105 78 
105 298 
106 101 
106 168 
106 183 
106 300 
106 486 
107 53 
107 112 
107 213 
108 55 
108 319 
108 451 
109 101 
109 122 
109 130 
110 26 
111 94 
111 369 
112 107 
112 116 
113 94 
114 98 
114 134 
114 176 
115 34 
115 118 
116 112 
116 120 
116 157 
116 427 
117 103 
117 207 
118 115 
119 87 
119 431 
119 715 
119 818 
120 116 
120 124 
120 197 
120 216 
120 224 
120 499 
121 65 
121 186 
121 408 
121 648 
122 109 
122 178 
122 529 
123 97 
123 126 
123 193 
124 120 
125 8 
126 123 
127 62 
127 557 
128 99 
128 133 
128 190 
128 530 
129 72 
129 374 
130 109 
131 53 
132 57 
132 184 
133 128 
133 387 
134 114 
134 137 
134 138 
134 147 
134 164 
134 337 
134 338 
134 623 
135 95 
136 15 
136 141 
136 429 
137 134 
138 134 
138 142 
139 67 
140 55 
141 136 
142 138 
142 158 
143 90 
143 149 
143 151 
143 182 
144 24 
145 95 
146 1 
146 150 
147 134 
147 152 
147 171 
147 785 
148 62 
148 153 
148 154 
149 143 
149 226 
149 350 
149 518 
149 574 
150 146 
150 155 
150 188 
150 335 
150 410 
150 550 
151 143 
152 147 
152 223 
153 148 
153 174 
154 148 
155 150 
155 160 
156 16 
156 253 
156 284 
156 650 
157 116 
158 142 
158 166 
158 434 
158 534 
158 710 
159 9 
159 657 
160 155 
161 36 
161 263 
162 78 
163 42 
163 165 
163 211 
163 221 
163 280 
164 134 
164 579 
165 163 
165 167 
165 172 
165 259 
165 547 
165 555 
166 158 
167 165 
167 175 
168 106 
168 206 
168 643 
168 979 
169 96 
169 267 
170 55 
170 199 
170 542 
171 147 
171 177 
171 582 
172 165 
173 16 
173 198 
173 203 
173 215 
173 227 
173 261 
173 268 
173 513 
173 631 
174 153 
175 167 
175 913 
176 114 
176 236 
177 171 
177 189 
177 999 
178 122 
178 433 
179 74 
180 14 
180 471 
181 58 
181 185 
181 191 
182 143 
182 275 
183 106 
183 345 
184 132 
184 219 
185 181 
185 365 
185 417 
186 121 
187 1 
188 150 
188 243 
188 251 
188 808 
189 177 
189 194 
189 804 
190 128 
190 204 
190 209 
190 361 
191 181 
192 96 
192 496 
193 123 
193 196 
194 189 
194 254 
195 38 
196 193 
196 202 
196 217 
197 120 
198 173 
199 170 
199 900 
200 55 
200 378 
201 21 
201 256 
201 310 
201 472 
202 196 
202 205 
202 481 
203 173 
204 190 
205 202 
206 168 
206 208 
206 607 
206 972 
207 117 
208 206 
208 232 
208 271 
208 283 
208 775 
209 190 
209 228 
210 77 
210 212 
211 163 
212 210 
212 235 
213 107 
213 218 
213 234 
213 241 
213 246 
213 287 
213 292 
213 432 
213 565 
213 857 
214 75 
214 225 
214 288 
214 341 
215 173 
215 220 
216 120 
216 352 
217 196 
217 400 
218 213 
218 291 
219 184 
220 215 
220 222 
220 255 
221 163 
222 220 
222 230 
222 448 
223 152 
224 120 
225 214 
226 149 
227 173 
227 233 
227 247 
227 249 
227 290 
227 629 
228 209 
229 100 
230 222 
231 58 
232 208 
232 240 
232 273 
232 343 
232 377 
232 412 
232 725 
233 227 
234 213 
234 237 
234 238 
234 244 
234 248 
234 536 
235 212 
235 239 
235 242 
236 176 
236 301 
237 234 
238 234 
239 235 
240 232 
241 213 
242 235 
243 188 
243 401 
244 234 
244 324 
245 30 
245 258 
245 265 
245 266 
245 479 
246 213 
246 252 
246 262 
246 446 
246 500 
246 682 
247 227 
248 234 
248 281 
249 227 
249 318 
249 344 
250 55 
251 188 
252 246 
252 323 
252 721 
252 750 
253 156 
254 194 
254 307 
255 220 
255 293 
255 821 
255 845 
256 201 
257 48 
258 245 
258 274 
259 165 
260 53 
261 173 
262 246 
262 346 
263 161 
264 53 
265 245 
266 245 
267 169 
268 173 
268 308 
269 14 
270 46 
270 278 
270 297 
270 302 
270 311 
270 411 
270 868 
271 208 
271 282 
271 314 
271 373 
271 398 
271 452 
271 974 
272 4 
272 276 
273 232 
274 258 
274 289 
275 182 
276 272 
277 43 
277 436 
278 270 
278 330 
278 662 
279 62 
279 294 
279 309 
279 333 
279 920 
280 163 
280 285 
280 791 
281 248 
281 286 
281 440 
282 271 
283 208 
284 156 
284 313 
285 280 
286 281 
287 213 
288 214 
288 295 
288 306 
288 327 
288 339 
288 399 
288 846 
289 274 
290 227 
290 312 
291 218 
292 213 
293 255 
293 315 
293 435 
294 279 
295 288 
295 304 
295 305 
295 334 
295 355 
296 87 
296 366 
296 497 
296 567 
297 270 
297 299 
298 105 
298 317 
299 297 
299 303 
299 384 
299 634 
300 106 
300 507 
301 236 
302 270 
303 299 
304 295 
305 295 
305 508 
305 535 
305 551 
306 288 
307 254 
307 322 
308 268 
308 320 
309 279 
309 356 
309 469 
309 575 
309 597 
309 674 
310 201 
311 270 
312 290 
312 328 
313 284 
313 316 
313 326 
313 331 
313 340 
313 342 
313 407 
314 271 
315 293 
316 313 
316 321 
317 298 
318 249 
319 108 
319 495 
320 308 
320 480 
321 316 
321 946 
322 307 
323 252 
323 325 
324 244 
325 323 
326 313 
327 288 
328 312 
329 9 
329 332 
329 353 
329 354 
329 425 
329 723 
330 278 
331 313 
331 336 
331 396 
331 415 
331 418 
331 558 
331 753 
332 329 
333 279 
333 347 
334 295 
335 150 
336 331 
336 349 
336 372 
337 134 
337 388 
338 134 
339 288 
339 528 
339 801 
340 313 
340 358 
341 214 
342 313 
343 232 
344 249 
345 183 
346 262 
347 333 
348 25 
349 336 
349 351 
350 149 
351 349 
351 360 
351 817 
352 216 
353 329 
354 329 
355 295 
356 309 
356 364 
357 48 
358 340 
358 386 
359 92 
359 414 
359 422 
359 512 
360 351 
361 190 
361 363 
362 4 
363 361 
364 356 
364 368 
365 185 
366 296 
366 370 
366 371 
366 445 
366 493 
366 886 
367 11 
367 466 
368 364 
368 393 
368 995 
369 111 
370 366 
371 366 
371 406 
371 453 
372 336 
372 375 
372 376 
372 379 
372 380 
373 271 
373 477 
374 129 
374 381 
375 372 
375 474 
375 699 
376 372 
376 572 
376 875 
377 232 
378 200 
378 389 
379 372 
380 372 
380 382 
380 383 
380 413 
380 419 
381 374 
382 380 
383 380 
384 299 
385 51 
386 358 
386 404 
386 916 
387 133 
387 403 
388 337 
388 392 
388 394 
388 937 
389 378 
390 82 
390 463 
391 28 
392 388 
393 368 
393 395 
393 409 
393 416 
393 639 
394 388 
394 397 
395 393 
396 331 
396 601 
397 394 
398 271 
398 402 
399 288 
400 217 
401 243 
401 658 
402 398 
403 387 
404 386 
405 95 
406 371 
406 694 
407 313 
408 121 
409 393 
410 150 
411 270 
412 232 
412 777 
413 380 
413 426 
413 443 
413 537 
413 553 
413 903 
414 359 
415 331 
416 393 
417 185 
417 814 
417 878 
418 331 
419 380 
419 428 
420 11 
421 53 
421 423 
422 359 
422 424 
422 442 
422 460 
422 760 
422 981 
423 421 
423 969 
424 422 
424 503 
425 329 
425 439 
425 449 
425 458 
425 618 
426 413 
427 116 
428 419 
429 136 
429 438 
429 455 
430 55 
431 119 
432 213 
432 437 
432 441 
433 178 
433 539 
434 158 
435 293 
436 277 
437 432 
438 429 
439 425 
439 467 
440 281 
441 432 
441 492 
441 552 
442 422 
442 444 
442 680 
443 413 
444 442 
444 701 
445 366 
446 246 
447 72 
448 222 
449 425 
450 24 
450 462 
451 108 
451 459 
451 762 
452 271 
452 454 
452 457 
452 501 
452 653 
452 709 
453 371 
453 456 
453 461 
454 452 
454 819 
455 429 
455 465 
455 692 
455 854 
456 453 
457 452 
458 425 
459 451 
460 422 
461 453 
462 450 
462 468 
462 470 
462 482 
462 487 
462 577 
462 656 
463 390 
464 57 
465 455 
465 773 
466 367 
466 473 
467 439 
467 517 
468 462 
468 484 
468 488 
468 613 
468 786 
468 841 
469 309 
470 462 
470 545 
471 180 
471 476 
471 490 
471 837 
472 201 
472 950 
473 466 
473 942 
474 375 
475 14 
476 471 
476 505 
477 373 
478 79 
479 245 
479 491 
480 320 
481 202 
481 540 
482 462 
483 1 
483 554 
484 468 
485 3 
485 594 
486 106 
487 462 
487 489 
487 516 
487 527 
488 468 
489 487 
489 543 
490 471 
490 544 
491 479 
491 494 
491 506 
491 509 
492 441 
493 366 
493 686 
494 491 
494 498 
495 319 
496 192 
497 296 
497 510 
498 494 
499 120 
500 246 
500 502 
500 641 
501 452 
501 504 
501 538 
502 500 
503 424 
503 578 
503 700 
503 866 
504 501 
505 476 
505 522 
506 491 
507 300 
508 305 
509 491 
509 827 
510 497 
510 619 
511 14 
512 359 
512 570 
513 173 
513 519 
513 524 
513 695 
513 816 
513 862 
514 31 
515 3 
515 646 
516 487 
516 521 
517 467 
518 149 
519 513 
520 30 
520 541 
520 606 
520 751 
520 935 
521 516 
521 586 
521 665 
522 505 
523 58 
523 525 
523 605 
524 513 
525 523 
525 533 
525 549 
526 77 
526 633 
527 487 
528 339 
528 531 
528 864 
529 122 
529 562 
530 128 
530 532 
531 528 
532 530 
533 525 
533 581 
534 158 
535 305 
535 696 
535 985 
536 234 
536 564 
537 413 
537 616 
538 501 
539 433 
540 481 
541 520 
541 546 
541 548 
541 571 
541 711 
541 931 
542 170 
542 559 
542 758 
543 489 
544 490 
544 860 
545 470 
545 765 
546 541 
546 604 
546 730 
547 165 
548 541 
548 620 
548 652 
549 525 
549 561 
550 150 
550 556 
551 305 
551 615 
552 441 
552 560 
552 580 
552 583 
552 627 
552 745 
552 865 
552 939 
553 413 
554 483 
555 165 
556 550 
557 127 
557 566 
557 600 
557 795 
558 331 
559 542 
560 552 
561 549 
561 563 
561 569 
562 529 
563 561 
563 576 
564 536 
564 568 
564 590 
564 687 
565 213 
566 557 
566 663 
567 296 
568 564 
569 561 
569 585 
570 512 
570 614 
571 541 
571 850 
572 376 
573 95 
574 149 
575 309 
576 563 
577 462 
578 503 
578 609 
579 164 
579 584 
580 552 
580 602 
580 667 
580 671 
581 533 
581 591 
582 171 
583 552 
583 628 
584 579 
585 569 
586 521 
586 596 
587 1 
587 589 
587 640 
588 87 
589 587 
589 592 
589 595 
589 603 
589 681 
589 871 
590 564 
590 593 
591 581 
592 589 
592 861 
593 590 
594 485 
594 610 
595 589 
596 586 
596 714 
597 309 
597 599 
597 909 
598 98 
599 597 
600 557 
601 396 
601 622 
602 580 
603 589 
604 546 
605 523 
605 637 
606 520 
607 206 
607 617 
607 635 
608 2 
608 611 
608 626 
608 647 
608 698 
609 578 
610 594 
610 612 
610 621 
610 632 
610 848 
611 608 
611 625 
611 712 
612 610 
613 468 
614 570 
615 551 
615 722 
615 746 
615 902 
616 537 
617 607 
618 425 
619 510 
620 548 
621 610 
622 601 
622 624 
623 134 
624 622 
625 611 
626 608 
626 822 
626 971 
627 552 
627 630 
627 735 
628 583 
628 748 
628 833 
629 227 
630 627 
631 173 
632 610 
633 526 
634 299 
634 636 
634 654 
634 655 
634 718 
635 607 
636 634 
637 605 
637 659 
638 79 
638 830 
639 393 
639 642 
639 645 
640 587 
641 500 
642 639 
643 168 
644 31 
645 639 
646 515 
647 608 
648 121 
649 30 
649 651 
650 156 
650 885 
651 649 
651 949 
652 548 
652 670 
652 678 
652 807 
653 452 
654 634 
655 634 
655 677 
656 462 
656 661 
656 668 
657 159 
657 844 
657 891 
658 401 
658 660 
659 637 
659 675 
659 733 
659 798 
659 943 
660 658 
661 656 
661 664 
661 666 
661 685 
661 734 
662 278 
663 566 
664 661 
664 761 
665 521 
665 669 
665 877 
666 661 
667 580 
668 656 
669 665 
670 652 
670 672 
671 580 
671 673 
671 684 
672 670 
672 679 
673 671 
674 309 
675 659 
676 1 
677 655 
678 652 
679 672 
679 683 
680 442 
680 693 
680 766 
680 869 
680 927 
681 589 
682 246 
683 679 
683 688 
684 671 
684 690 
684 716 
685 661 
686 493 
686 689 
686 767 
687 564 
688 683 
689 686 
689 691 
689 743 
689 744 
690 684 
690 729 
690 815 
691 689 
692 455 
693 680 
693 697 
693 719 
694 406 
694 702 
694 752 
694 784 
695 513 
696 535 
697 693 
698 608 
698 703 
698 708 
698 813 
699 375 
699 738 
700 503 
700 731 
701 444 
701 704 
701 717 
701 787 
702 694 
703 698 
703 705 
703 713 
703 720 
703 800 
704 701 
704 706 
705 703 
705 728 
706 704 
707 30 
708 698 
708 923 
709 452 
710 158 
711 541 
712 611 
712 727 
712 732 
712 792 
713 703 
713 724 
714 596 
715 119 
715 852 
716 684 
716 911 
717 701 
718 634 
718 928 
719 693 
720 703 
721 252 
722 615 
722 740 
722 973 
723 329 
724 713 
725 232 
726 101 
727 712 
727 759 
728 705 
728 763 
728 778 
729 690 
730 546 
730 736 
730 739 
731 700 
732 712 
733 659 
734 661 
734 783 
734 834 
735 627 
735 737 
735 741 
735 742 
736 730 
736 755 
737 735 
738 699 
738 809 
739 730 
740 722 
741 735 
742 735 
743 689 
744 689 
744 757 
744 794 
744 826 
744 831 
745 552 
746 615 
747 9 
747 749 
748 628 
748 754 
749 747 
750 252 
751 520 
752 694 
753 331 
754 748 
754 756 
755 736 
756 754 
757 744 
758 542 
758 781 
758 934 
758 988 
759 727 
759 843 
760 422 
761 664 
762 451 
763 728 
764 53 
764 779 
764 782 
764 921 
765 545 
765 768 
765 776 
765 811 
766 680 
766 769 
767 686 
768 765 
768 770 
768 774 
769 766 
769 771 
769 780 
770 768 
770 772 
771 769 
772 770 
773 465 
773 922 
774 768 
775 208 
775 810 
776 765 
777 412 
778 728 
779 764 
779 790 
779 947 
780 769 
781 758 
781 789 
782 764 
783 734 
784 694 
785 147 
785 788 
785 829 
786 468 
787 701 
788 785 
788 796 
788 847 
789 781 
789 899 
789 968 
790 779 
790 793 
790 797 
790 853 
790 925 
791 280 
791 825 
792 712 
792 799 
793 790 
793 803 
794 744 
795 557 
796 788 
796 802 
796 806 
797 790 
797 855 
798 659 
798 976 
799 792 
800 703 
801 339 
802 796 
802 805 
802 883 
803 793 
804 189 
805 802 
805 836 
806 796 
807 652 
807 812 
808 188 
809 738 
810 775 
811 765 
812 807 
813 698 
814 417 
815 690 
816 513 
816 823 
816 824 
816 828 
817 351 
818 119 
818 820 
819 454 
820 818 
821 255 
822 626 
823 816 
823 838 
824 816 
825 791 
826 744 
826 832 
827 509 
827 839 
828 816 
829 785 
830 638 
830 970 
831 744 
832 826 
832 840 
832 888 
832 906 
832 930 
832 948 
833 628 
833 835 
833 842 
833 897 
834 734 
835 833 
836 805 
836 966 
837 471 
837 872 
837 874 
838 823 
838 849 
838 851 
838 887 
838 917 
838 953 
839 827 
840 832 
841 468 
842 833 
843 759 
844 657 
845 255 
846 288 
847 788 
848 610 
849 838 
849 870 
849 977 
850 571 
851 838 
852 715 
853 790 
854 455 
854 859 
854 905 
855 797 
856 1 
856 858 
857 213 
857 863 
857 873 
858 856 
859 854 
859 884 
860 544 
861 592 
861 880 
862 513 
863 857 
864 528 
864 898 
865 552 
866 503 
866 881 
867 97 
868 270 
868 967 
869 680 
869 910 
869 965 
870 849 
870 882 
870 933 
871 589 
872 837 
872 889 
873 857 
874 837 
874 876 
875 376 
876 874 
876 914 
877 665 
878 417 
878 892 
879 39 
880 861 
881 866 
882 870 
883 802 
884 859 
885 650 
885 896 
886 366 
887 838 
887 890 
887 895 
887 918 
888 832 
888 893 
888 919 
888 938 
888 952 
889 872 
889 963 
890 887 
891 657 
892 878 
893 888 
894 11 
895 887 
895 901 
896 885 
897 833 
897 904 
898 864 
898 940 
899 789 
899 987 
900 199 
901 895 
902 615 
903 413 
903 907 
904 897 
904 908 
905 854 
905 926 
906 832 
907 903 
908 904 
909 597 
910 869 
910 912 
911 716 
912 910 
913 175 
913 915 
914 876 
915 913 
915 929 
916 386 
917 838 
918 887 
918 1000 
919 888 
920 279 
920 924 
920 941 
920 993 
921 764 
922 773 
923 708 
923 975 
924 920 
925 790 
926 905 
927 680 
928 718 
929 915 
930 832 
930 944 
930 945 
930 994 
931 541 
932 58 
933 870 
934 758 
934 936 
934 986 
935 520 
936 934 
937 388 
938 888 
938 959 
939 552 
940 898 
940 958 
941 920 
942 473 
942 990 
943 659 
944 930 
945 930 
946 321 
947 779 
947 956 
948 832 
948 951 
948 954 
948 955 
948 960 
948 961 
948 978 
949 651 
950 472 
951 948 
951 957 
951 962 
951 964 
952 888 
953 838 
954 948 
955 948 
956 947 
957 951 
958 940 
959 938 
960 948 
961 948 
962 951 
962 984 
963 889 
964 951 
964 983 
965 869 
966 836 
967 868 
968 789 
969 423 
970 830 
971 626 
972 206 
973 722 
974 271 
974 982 
975 923 
976 798 
976 980 
976 989 
976 991 
977 849 
977 992 
978 948 
979 168 
980 976 
981 422 
982 974 
983 964 
984 962 
985 535 
986 934 
987 899 
988 758 
989 976 
990 942 
991 976 
991 998 
992 977 
993 920 
994 930 
994 996 
994 997 
995 368 
996 994 
997 994 
998 991 
999 177 
1000 918 
